167556600
140778700
132478500
141493800
155130300
147941200
144356900
141696500
139391600
132337100
142188900
140208200
146098000
134202400
129383100
130598500
134582200
127757200
136618200
157036500
140241400
134972300
133696200
133521900
134228400
129579700
156651400
142600900
141709900
132058700
134305300
147270100
132478500
137168000
152794100
142235500
135759700
133334600
136579700
135799600
129417100
146750000
156848700
137593700
136389100
145632000
143165400
146554000
147440700
156954700
133078500
134938600
150422200
130599300
130160900
136628100
162223400
150769100
132064600
131734500
137427400
131504000
130887400
147055100
144405300
127766300
132927300
138844900
140618500
141871300
134002800
154443700
152877900
144517400
145738500
137315000
147487600
144648400
156698700
135879600
130213300
135371000
134547000
129960500
132341900
154806600
139832900
142948100
128779600
132063000
144491900
131709600
131687600
142043000
159856700
136498300
137816900
128200000
136308300
145876400
